com_radius: 0.1
ground_clearence: 0.004
inter_leg_distance: 0.1
knee_actuation:
  joint: slide
  series_spring_damping: 0.0
  series_spring_stiffness: 1.0
leg_scales:
  left_leg:
    foot_r_scale: 0.8714853211111084
    shin_h_scale: 1.2659885759665492
    thigh_h_scale: 1.289662329700079
  right_leg:
    foot_r_scale: 0.8714853211111084
    shin_h_scale: 1.2659885759665492
    thigh_h_scale: 1.289662329700079
name: pm_mll
total_mass: 50.0
