leg_scales:
  left_leg:
    foot_l_scale: 53.71091495003751
    foot_r_scale: 53.71091495003751
    shin_h_scale: 67.07766964198157
    shin_r_scale: 41.4688078560085
    thigh_h_scale: 73.38903806642074
    thigh_r_scale: 55.14755344892197
  right_leg:
    foot_l_scale: 53.71091495003751
    foot_r_scale: 53.71091495003751
    shin_h_scale: 67.07766964198157
    shin_r_scale: 41.4688078560085
    thigh_h_scale: 73.38903806642074
    thigh_r_scale: 55.14755344892197
torso_b_scale: 141.35400523961314
torso_h_scale: 0.0
